{
 "cells": [
  {
   "cell_type": "code",
   "execution_count": 1,
   "id": "d2e96e20",
   "metadata": {},
   "outputs": [],
   "source": [
    "import pandas as pd\n",
    "import numpy as np\n",
    "import matplotlib.pyplot as plt\n",
    "import seaborn as sns\n",
    "import os\n",
    "from sklearn.linear_model import LinearRegression\n",
    "from sklearn.preprocessing import PolynomialFeatures\n",
    "import datetime as dt"
   ]
  },
  {
   "cell_type": "markdown",
   "id": "9bb5d26b",
   "metadata": {},
   "source": [
    "## Paths to Files"
   ]
  },
  {
   "cell_type": "code",
   "execution_count": 2,
   "id": "a4ea9f09",
   "metadata": {},
   "outputs": [],
   "source": [
    "BASE_DIR_PATH = '/Users/neilb/Documents/dsci_thesis/'\n",
    "DATA_PATH = 'Scraping_and_Cleaning'"
   ]
  },
  {
   "cell_type": "code",
   "execution_count": 3,
   "id": "20bc50ef",
   "metadata": {},
   "outputs": [],
   "source": [
    "DATASET_FILE = os.path.join(BASE_DIR_PATH, DATA_PATH, 'data_2022.csv')"
   ]
  },
  {
   "cell_type": "markdown",
   "id": "a3e5f0dd",
   "metadata": {},
   "source": [
    "## Load Dataset"
   ]
  },
  {
   "cell_type": "code",
   "execution_count": 4,
   "id": "8a0c42ce",
   "metadata": {},
   "outputs": [
    {
     "data": {
      "text/html": [
       "<div>\n",
       "<style scoped>\n",
       "    .dataframe tbody tr th:only-of-type {\n",
       "        vertical-align: middle;\n",
       "    }\n",
       "\n",
       "    .dataframe tbody tr th {\n",
       "        vertical-align: top;\n",
       "    }\n",
       "\n",
       "    .dataframe thead th {\n",
       "        text-align: right;\n",
       "    }\n",
       "</style>\n",
       "<table border=\"1\" class=\"dataframe\">\n",
       "  <thead>\n",
       "    <tr style=\"text-align: right;\">\n",
       "      <th></th>\n",
       "      <th>datetime</th>\n",
       "      <th>water_level</th>\n",
       "      <th>station</th>\n",
       "      <th>1hr</th>\n",
       "      <th>3hr</th>\n",
       "      <th>6hr</th>\n",
       "      <th>12hr</th>\n",
       "      <th>24hr</th>\n",
       "    </tr>\n",
       "  </thead>\n",
       "  <tbody>\n",
       "    <tr>\n",
       "      <th>0</th>\n",
       "      <td>2022-01-01</td>\n",
       "      <td>11.64</td>\n",
       "      <td>Airport (PAGASA)</td>\n",
       "      <td>0.0</td>\n",
       "      <td>0.0</td>\n",
       "      <td>0.0</td>\n",
       "      <td>0.0</td>\n",
       "      <td>0.0</td>\n",
       "    </tr>\n",
       "    <tr>\n",
       "      <th>1</th>\n",
       "      <td>2022-01-01</td>\n",
       "      <td>11.64</td>\n",
       "      <td>Antipolo</td>\n",
       "      <td>0.0</td>\n",
       "      <td>0.0</td>\n",
       "      <td>0.0</td>\n",
       "      <td>0.0</td>\n",
       "      <td>0.0</td>\n",
       "    </tr>\n",
       "    <tr>\n",
       "      <th>2</th>\n",
       "      <td>2022-01-01</td>\n",
       "      <td>11.64</td>\n",
       "      <td>Bagong Nayon</td>\n",
       "      <td>0.0</td>\n",
       "      <td>0.0</td>\n",
       "      <td>0.0</td>\n",
       "      <td>0.0</td>\n",
       "      <td>0.0</td>\n",
       "    </tr>\n",
       "    <tr>\n",
       "      <th>3</th>\n",
       "      <td>2022-01-01</td>\n",
       "      <td>11.64</td>\n",
       "      <td>Boso Boso</td>\n",
       "      <td>0.0</td>\n",
       "      <td>0.0</td>\n",
       "      <td>0.0</td>\n",
       "      <td>0.0</td>\n",
       "      <td>0.0</td>\n",
       "    </tr>\n",
       "    <tr>\n",
       "      <th>4</th>\n",
       "      <td>2022-01-01</td>\n",
       "      <td>11.64</td>\n",
       "      <td>Calawis</td>\n",
       "      <td>0.0</td>\n",
       "      <td>0.0</td>\n",
       "      <td>0.0</td>\n",
       "      <td>0.0</td>\n",
       "      <td>0.0</td>\n",
       "    </tr>\n",
       "  </tbody>\n",
       "</table>\n",
       "</div>"
      ],
      "text/plain": [
       "    datetime  water_level           station  1hr  3hr  6hr  12hr  24hr\n",
       "0 2022-01-01        11.64  Airport (PAGASA)  0.0  0.0  0.0   0.0   0.0\n",
       "1 2022-01-01        11.64          Antipolo  0.0  0.0  0.0   0.0   0.0\n",
       "2 2022-01-01        11.64      Bagong Nayon  0.0  0.0  0.0   0.0   0.0\n",
       "3 2022-01-01        11.64         Boso Boso  0.0  0.0  0.0   0.0   0.0\n",
       "4 2022-01-01        11.64           Calawis  0.0  0.0  0.0   0.0   0.0"
      ]
     },
     "execution_count": 4,
     "metadata": {},
     "output_type": "execute_result"
    }
   ],
   "source": [
    "df = pd.read_csv(DATASET_FILE)\n",
    "df['datetime'] = pd.to_datetime(df['datetime']) # parsing column to datetime as it is read as string\n",
    "df.head()"
   ]
  },
  {
   "cell_type": "markdown",
   "id": "9135b787",
   "metadata": {},
   "source": [
    "## Basic dataset information"
   ]
  },
  {
   "cell_type": "code",
   "execution_count": 5,
   "id": "65bf46f1",
   "metadata": {},
   "outputs": [
    {
     "name": "stdout",
     "output_type": "stream",
     "text": [
      "<class 'pandas.core.frame.DataFrame'>\n",
      "RangeIndex: 227786 entries, 0 to 227785\n",
      "Data columns (total 8 columns):\n",
      " #   Column       Non-Null Count   Dtype         \n",
      "---  ------       --------------   -----         \n",
      " 0   datetime     227786 non-null  datetime64[ns]\n",
      " 1   water_level  227786 non-null  float64       \n",
      " 2   station      227786 non-null  object        \n",
      " 3   1hr          227786 non-null  float64       \n",
      " 4   3hr          227786 non-null  float64       \n",
      " 5   6hr          227786 non-null  float64       \n",
      " 6   12hr         227786 non-null  float64       \n",
      " 7   24hr         227786 non-null  float64       \n",
      "dtypes: datetime64[ns](1), float64(6), object(1)\n",
      "memory usage: 13.9+ MB\n"
     ]
    }
   ],
   "source": [
    "df.info()"
   ]
  },
  {
   "cell_type": "code",
   "execution_count": 6,
   "id": "e6d2a2d4",
   "metadata": {
    "scrolled": true
   },
   "outputs": [
    {
     "data": {
      "text/html": [
       "<div>\n",
       "<style scoped>\n",
       "    .dataframe tbody tr th:only-of-type {\n",
       "        vertical-align: middle;\n",
       "    }\n",
       "\n",
       "    .dataframe tbody tr th {\n",
       "        vertical-align: top;\n",
       "    }\n",
       "\n",
       "    .dataframe thead th {\n",
       "        text-align: right;\n",
       "    }\n",
       "</style>\n",
       "<table border=\"1\" class=\"dataframe\">\n",
       "  <thead>\n",
       "    <tr style=\"text-align: right;\">\n",
       "      <th></th>\n",
       "      <th>water_level</th>\n",
       "      <th>1hr</th>\n",
       "      <th>3hr</th>\n",
       "      <th>6hr</th>\n",
       "      <th>12hr</th>\n",
       "      <th>24hr</th>\n",
       "    </tr>\n",
       "  </thead>\n",
       "  <tbody>\n",
       "    <tr>\n",
       "      <th>count</th>\n",
       "      <td>227786.000000</td>\n",
       "      <td>227786.000000</td>\n",
       "      <td>227786.000000</td>\n",
       "      <td>227786.000000</td>\n",
       "      <td>227786.000000</td>\n",
       "      <td>227786.000000</td>\n",
       "    </tr>\n",
       "    <tr>\n",
       "      <th>mean</th>\n",
       "      <td>11.822638</td>\n",
       "      <td>0.212392</td>\n",
       "      <td>0.637735</td>\n",
       "      <td>1.275366</td>\n",
       "      <td>2.550725</td>\n",
       "      <td>5.101611</td>\n",
       "    </tr>\n",
       "    <tr>\n",
       "      <th>std</th>\n",
       "      <td>0.714605</td>\n",
       "      <td>1.760464</td>\n",
       "      <td>3.715819</td>\n",
       "      <td>5.821120</td>\n",
       "      <td>9.058985</td>\n",
       "      <td>14.045297</td>\n",
       "    </tr>\n",
       "    <tr>\n",
       "      <th>min</th>\n",
       "      <td>10.980000</td>\n",
       "      <td>0.000000</td>\n",
       "      <td>0.000000</td>\n",
       "      <td>0.000000</td>\n",
       "      <td>0.000000</td>\n",
       "      <td>0.000000</td>\n",
       "    </tr>\n",
       "    <tr>\n",
       "      <th>25%</th>\n",
       "      <td>11.280000</td>\n",
       "      <td>0.000000</td>\n",
       "      <td>0.000000</td>\n",
       "      <td>0.000000</td>\n",
       "      <td>0.000000</td>\n",
       "      <td>0.000000</td>\n",
       "    </tr>\n",
       "    <tr>\n",
       "      <th>50%</th>\n",
       "      <td>11.590000</td>\n",
       "      <td>0.000000</td>\n",
       "      <td>0.000000</td>\n",
       "      <td>0.000000</td>\n",
       "      <td>0.000000</td>\n",
       "      <td>0.000000</td>\n",
       "    </tr>\n",
       "    <tr>\n",
       "      <th>75%</th>\n",
       "      <td>12.240000</td>\n",
       "      <td>0.000000</td>\n",
       "      <td>0.000000</td>\n",
       "      <td>0.000000</td>\n",
       "      <td>0.000000</td>\n",
       "      <td>2.500000</td>\n",
       "    </tr>\n",
       "    <tr>\n",
       "      <th>max</th>\n",
       "      <td>18.500000</td>\n",
       "      <td>97.000000</td>\n",
       "      <td>161.500000</td>\n",
       "      <td>163.000000</td>\n",
       "      <td>163.000000</td>\n",
       "      <td>209.000000</td>\n",
       "    </tr>\n",
       "  </tbody>\n",
       "</table>\n",
       "</div>"
      ],
      "text/plain": [
       "         water_level            1hr            3hr            6hr  \\\n",
       "count  227786.000000  227786.000000  227786.000000  227786.000000   \n",
       "mean       11.822638       0.212392       0.637735       1.275366   \n",
       "std         0.714605       1.760464       3.715819       5.821120   \n",
       "min        10.980000       0.000000       0.000000       0.000000   \n",
       "25%        11.280000       0.000000       0.000000       0.000000   \n",
       "50%        11.590000       0.000000       0.000000       0.000000   \n",
       "75%        12.240000       0.000000       0.000000       0.000000   \n",
       "max        18.500000      97.000000     161.500000     163.000000   \n",
       "\n",
       "                12hr           24hr  \n",
       "count  227786.000000  227786.000000  \n",
       "mean        2.550725       5.101611  \n",
       "std         9.058985      14.045297  \n",
       "min         0.000000       0.000000  \n",
       "25%         0.000000       0.000000  \n",
       "50%         0.000000       0.000000  \n",
       "75%         0.000000       2.500000  \n",
       "max       163.000000     209.000000  "
      ]
     },
     "execution_count": 6,
     "metadata": {},
     "output_type": "execute_result"
    }
   ],
   "source": [
    "df.describe()"
   ]
  },
  {
   "cell_type": "markdown",
   "id": "80a31c44",
   "metadata": {},
   "source": [
    "## Picking Stations Based on Correlation"
   ]
  },
  {
   "cell_type": "code",
   "execution_count": 7,
   "id": "14af7740",
   "metadata": {},
   "outputs": [],
   "source": [
    "def make_corr_heatmap(dataframe):\n",
    "    '''\n",
    "    Making a correlation heatmap for dataframe\n",
    "    '''\n",
    "    corr_matrix = dataframe.corr()\n",
    "    corr_heatmap = sns.heatmap(corr_matrix, annot=True)\n",
    "    plt.show()"
   ]
  },
  {
   "cell_type": "code",
   "execution_count": 8,
   "id": "db063f44",
   "metadata": {},
   "outputs": [],
   "source": [
    "def make_rainfall_hydrograph(dataframe, title, interval, max_rain=None, max_waterlevel=None):\n",
    "    '''\n",
    "    Making a hydrograph using dataframe with a title\n",
    "    dataframe must contain water level and rainfall data\n",
    "    Also plots the point of max rain and max water level\n",
    "    '''    \n",
    "    fig, ax = plt.subplots()\n",
    "    ax2 = ax.twinx()\n",
    "    ax.tick_params(axis='x', labelsize=6)\n",
    "    \n",
    "    l1, = ax.plot(dataframe['datetime'], dataframe['water_level'], color='red', alpha=0.7)\n",
    "    if max_waterlevel is not None:\n",
    "        ax.plot(max_waterlevel['datetime'], max_waterlevel['water_level'], 'ro')\n",
    "        ax.axvline(max_waterlevel['datetime'], color='red', linestyle=':')\n",
    "    \n",
    "    ax2.invert_yaxis()\n",
    "    l2, = ax2.plot(dataframe['datetime'], dataframe[interval], color='blue', alpha=0.5)\n",
    "    if max_rain is not None:\n",
    "        ax2.plot(max_rain['datetime'], max_rain[interval], 'bo')\n",
    "        ax.axvline(max_rain['datetime'], color='blue', linestyle=':')\n",
    "    \n",
    "    ax2.legend([l1, l2], ['Water Level in m', 'Rainfall in mm'], loc='center left')\n",
    "    ax2.set_title(title)"
   ]
  },
  {
   "cell_type": "code",
   "execution_count": 9,
   "id": "ede25946",
   "metadata": {},
   "outputs": [],
   "source": [
    "def get_storm_event(dataframe, date, days=0):\n",
    "    '''\n",
    "    Get storm event from dataframe centered around date, \n",
    "    with start date at days, hours before date and\n",
    "    end date at days, hours after date\n",
    "    '''\n",
    "    start_date = dt.datetime.strptime(date, '%Y-%m-%d') - dt.timedelta(days=days)\n",
    "    end_date = dt.datetime.strptime(date, '%Y-%m-%d') + dt.timedelta(days=days)\n",
    "\n",
    "    after_start_date = dataframe['datetime'] >= start_date\n",
    "    before_end_date = dataframe['datetime'] <= end_date\n",
    "\n",
    "    storm_event = dataframe[after_start_date & before_end_date]\n",
    "    \n",
    "    return storm_event"
   ]
  },
  {
   "cell_type": "code",
   "execution_count": 10,
   "id": "efa19a11",
   "metadata": {},
   "outputs": [],
   "source": [
    "def get_maxes(dataframe):\n",
    "    '''\n",
    "    Get max rainfall and max water level of dataframe\n",
    "    Print the output\n",
    "    '''\n",
    "    maxes = []\n",
    "    \n",
    "    for index in dataframe[['water_level', '1hr', '24hr']].idxmax():\n",
    "        maxes.append(dataframe.loc[index])\n",
    "        \n",
    "    return maxes[0], maxes[1], maxes[2]"
   ]
  },
  {
   "cell_type": "code",
   "execution_count": 11,
   "id": "71870122",
   "metadata": {},
   "outputs": [
    {
     "name": "stdout",
     "output_type": "stream",
     "text": [
      "<class 'pandas.core.frame.DataFrame'>\n",
      "RangeIndex: 227786 entries, 0 to 227785\n",
      "Data columns (total 9 columns):\n",
      " #   Column       Non-Null Count   Dtype         \n",
      "---  ------       --------------   -----         \n",
      " 0   datetime     227786 non-null  datetime64[ns]\n",
      " 1   water_level  227786 non-null  float64       \n",
      " 2   station      227786 non-null  object        \n",
      " 3   1hr          227786 non-null  float64       \n",
      " 4   3hr          227786 non-null  float64       \n",
      " 5   6hr          227786 non-null  float64       \n",
      " 6   12hr         227786 non-null  float64       \n",
      " 7   24hr         227786 non-null  float64       \n",
      " 8   time         227786 non-null  object        \n",
      "dtypes: datetime64[ns](1), float64(6), object(2)\n",
      "memory usage: 15.6+ MB\n"
     ]
    }
   ],
   "source": [
    "df['time'] = df['datetime'].dt.time\n",
    "df.info()"
   ]
  },
  {
   "cell_type": "code",
   "execution_count": 12,
   "id": "4c65e39a",
   "metadata": {},
   "outputs": [
    {
     "name": "stdout",
     "output_type": "stream",
     "text": [
      "<class 'pandas.core.frame.DataFrame'>\n",
      "Int64Index: 9516 entries, 0 to 227785\n",
      "Data columns (total 4 columns):\n",
      " #   Column       Non-Null Count  Dtype         \n",
      "---  ------       --------------  -----         \n",
      " 0   datetime     9516 non-null   datetime64[ns]\n",
      " 1   water_level  9516 non-null   float64       \n",
      " 2   station      9516 non-null   object        \n",
      " 3   24hr         9516 non-null   float64       \n",
      "dtypes: datetime64[ns](1), float64(2), object(1)\n",
      "memory usage: 371.7+ KB\n"
     ]
    }
   ],
   "source": [
    "daily_df = df[df['time'] == dt.time(0,0,0)]\n",
    "daily_df = daily_df[['datetime', 'water_level', 'station', '24hr']]\n",
    "daily_df.info()"
   ]
  },
  {
   "cell_type": "code",
   "execution_count": 13,
   "id": "72f13da0",
   "metadata": {},
   "outputs": [
    {
     "data": {
      "text/html": [
       "<div>\n",
       "<style scoped>\n",
       "    .dataframe tbody tr th:only-of-type {\n",
       "        vertical-align: middle;\n",
       "    }\n",
       "\n",
       "    .dataframe tbody tr th {\n",
       "        vertical-align: top;\n",
       "    }\n",
       "\n",
       "    .dataframe thead th {\n",
       "        text-align: right;\n",
       "    }\n",
       "</style>\n",
       "<table border=\"1\" class=\"dataframe\">\n",
       "  <thead>\n",
       "    <tr style=\"text-align: right;\">\n",
       "      <th></th>\n",
       "      <th>datetime</th>\n",
       "      <th>water_level</th>\n",
       "      <th>station</th>\n",
       "      <th>24hr</th>\n",
       "    </tr>\n",
       "  </thead>\n",
       "  <tbody>\n",
       "    <tr>\n",
       "      <th>0</th>\n",
       "      <td>2022-01-01</td>\n",
       "      <td>11.64</td>\n",
       "      <td>Airport (PAGASA)</td>\n",
       "      <td>0.0</td>\n",
       "    </tr>\n",
       "    <tr>\n",
       "      <th>1</th>\n",
       "      <td>2022-01-01</td>\n",
       "      <td>11.64</td>\n",
       "      <td>Antipolo</td>\n",
       "      <td>0.0</td>\n",
       "    </tr>\n",
       "    <tr>\n",
       "      <th>2</th>\n",
       "      <td>2022-01-01</td>\n",
       "      <td>11.64</td>\n",
       "      <td>Bagong Nayon</td>\n",
       "      <td>0.0</td>\n",
       "    </tr>\n",
       "    <tr>\n",
       "      <th>3</th>\n",
       "      <td>2022-01-01</td>\n",
       "      <td>11.64</td>\n",
       "      <td>Boso Boso</td>\n",
       "      <td>0.0</td>\n",
       "    </tr>\n",
       "    <tr>\n",
       "      <th>4</th>\n",
       "      <td>2022-01-01</td>\n",
       "      <td>11.64</td>\n",
       "      <td>Calawis</td>\n",
       "      <td>0.0</td>\n",
       "    </tr>\n",
       "  </tbody>\n",
       "</table>\n",
       "</div>"
      ],
      "text/plain": [
       "    datetime  water_level           station  24hr\n",
       "0 2022-01-01        11.64  Airport (PAGASA)   0.0\n",
       "1 2022-01-01        11.64          Antipolo   0.0\n",
       "2 2022-01-01        11.64      Bagong Nayon   0.0\n",
       "3 2022-01-01        11.64         Boso Boso   0.0\n",
       "4 2022-01-01        11.64           Calawis   0.0"
      ]
     },
     "execution_count": 13,
     "metadata": {},
     "output_type": "execute_result"
    }
   ],
   "source": [
    "daily_df.head()"
   ]
  },
  {
   "cell_type": "markdown",
   "id": "b0636aa9",
   "metadata": {},
   "source": [
    "### Normal Column-pairwise Pearson Correlation"
   ]
  },
  {
   "cell_type": "code",
   "execution_count": 14,
   "id": "ec21fdef",
   "metadata": {
    "scrolled": true
   },
   "outputs": [
    {
     "name": "stdout",
     "output_type": "stream",
     "text": [
      "Airport (PAGASA)\n",
      "             water_level       1hr       3hr       6hr      12hr      24hr\n",
      "water_level     1.000000  0.193085  0.298157  0.386576  0.468893  0.513276\n",
      "1hr             0.193085  1.000000  0.572381  0.397310  0.328206  0.249952\n",
      "3hr             0.298157  0.572381  1.000000  0.782216  0.597803  0.442086\n",
      "6hr             0.386576  0.397310  0.782216  1.000000  0.798942  0.599157\n",
      "12hr            0.468893  0.328206  0.597803  0.798942  1.000000  0.796749\n",
      "24hr            0.513276  0.249952  0.442086  0.599157  0.796749  1.000000\n",
      "\n",
      "\n",
      "Antipolo\n",
      "             water_level       1hr       3hr       6hr      12hr      24hr\n",
      "water_level     1.000000  0.155827  0.252650  0.347012  0.433350  0.485332\n",
      "1hr             0.155827  1.000000  0.680736  0.499851  0.374608  0.278407\n",
      "3hr             0.252650  0.680736  1.000000  0.784711  0.586232  0.435466\n",
      "6hr             0.347012  0.499851  0.784711  1.000000  0.780530  0.585460\n",
      "12hr            0.433350  0.374608  0.586232  0.780530  1.000000  0.785224\n",
      "24hr            0.485332  0.278407  0.435466  0.585460  0.785224  1.000000\n",
      "\n",
      "\n",
      "Bagong Nayon\n",
      "             water_level       1hr       3hr       6hr      12hr      24hr\n",
      "water_level     1.000000  0.203141  0.314496  0.415410  0.512836  0.568616\n",
      "1hr             0.203141  1.000000  0.700167  0.521259  0.391663  0.293764\n",
      "3hr             0.314496  0.700167  1.000000  0.800037  0.600841  0.444460\n",
      "6hr             0.415410  0.521259  0.800037  1.000000  0.793363  0.588727\n",
      "12hr            0.512836  0.391663  0.600841  0.793363  1.000000  0.784661\n",
      "24hr            0.568616  0.293764  0.444460  0.588727  0.784661  1.000000\n",
      "\n",
      "\n",
      "Boso Boso\n",
      "             water_level       1hr       3hr       6hr      12hr      24hr\n",
      "water_level     1.000000  0.155187  0.242887  0.335370  0.431586  0.499597\n",
      "1hr             0.155187  1.000000  0.697644  0.518046  0.388586  0.299531\n",
      "3hr             0.242887  0.697644  1.000000  0.791097  0.593418  0.452181\n",
      "6hr             0.335370  0.518046  0.791097  1.000000  0.788482  0.601292\n",
      "12hr            0.431586  0.388586  0.593418  0.788482  1.000000  0.792016\n",
      "24hr            0.499597  0.299531  0.452181  0.601292  0.792016  1.000000\n",
      "\n",
      "\n",
      "Calawis\n",
      "             water_level       1hr       3hr       6hr      12hr      24hr\n",
      "water_level     1.000000  0.143648  0.224506  0.314273  0.427810  0.495414\n",
      "1hr             0.143648  1.000000  0.712184  0.564867  0.435296  0.322150\n",
      "3hr             0.224506  0.712184  1.000000  0.832655  0.648233  0.481819\n",
      "6hr             0.314273  0.564867  0.832655  1.000000  0.826048  0.622932\n",
      "12hr            0.427810  0.435296  0.648233  0.826048  1.000000  0.812740\n",
      "24hr            0.495414  0.322150  0.481819  0.622932  0.812740  1.000000\n",
      "\n",
      "\n",
      "Guadanoville\n",
      "             water_level       1hr       3hr       6hr      12hr      24hr\n",
      "water_level     1.000000  0.110489  0.180734  0.259322  0.324749  0.364440\n",
      "1hr             0.110489  1.000000  0.672893  0.482125  0.342986  0.244728\n",
      "3hr             0.180734  0.672893  1.000000  0.767311  0.549730  0.388635\n",
      "6hr             0.259322  0.482125  0.767311  1.000000  0.755457  0.534100\n",
      "12hr            0.324749  0.342986  0.549730  0.755457  1.000000  0.742582\n",
      "24hr            0.364440  0.244728  0.388635  0.534100  0.742582  1.000000\n",
      "\n",
      "\n",
      "Ko-Phil IT Center\n",
      "             water_level       1hr       3hr       6hr      12hr      24hr\n",
      "water_level     1.000000  0.186586  0.293004  0.391999  0.486911  0.549806\n",
      "1hr             0.186586  1.000000  0.669096  0.493743  0.365914  0.279936\n",
      "3hr             0.293004  0.669096  1.000000  0.779288  0.577478  0.432314\n",
      "6hr             0.391999  0.493743  0.779288  1.000000  0.777745  0.572693\n",
      "12hr            0.486911  0.365914  0.577478  0.777745  1.000000  0.771573\n",
      "24hr            0.549806  0.279936  0.432314  0.572693  0.771573  1.000000\n",
      "\n",
      "\n",
      "La Mesa Dam\n",
      "             water_level       1hr       3hr       6hr      12hr      24hr\n",
      "water_level     1.000000  0.104680  0.175424  0.241044  0.285784  0.305468\n",
      "1hr             0.104680  1.000000  0.662340  0.477589  0.349837  0.270165\n",
      "3hr             0.175424  0.662340  1.000000  0.769698  0.558341  0.422866\n",
      "6hr             0.241044  0.477589  0.769698  1.000000  0.760853  0.562887\n",
      "12hr            0.285784  0.349837  0.558341  0.760853  1.000000  0.764713\n",
      "24hr            0.305468  0.270165  0.422866  0.562887  0.764713  1.000000\n",
      "\n",
      "\n",
      "Macabud\n",
      "             water_level       1hr       3hr       6hr      12hr      24hr\n",
      "water_level     1.000000  0.162656  0.272981  0.384715  0.493781  0.557606\n",
      "1hr             0.162656  1.000000  0.677852  0.515677  0.382812  0.273432\n",
      "3hr             0.272981  0.677852  1.000000  0.800358  0.597833  0.427987\n",
      "6hr             0.384715  0.515677  0.800358  1.000000  0.792441  0.572486\n",
      "12hr            0.493781  0.382812  0.597833  0.792441  1.000000  0.775154\n",
      "24hr            0.557606  0.273432  0.427987  0.572486  0.775154  1.000000\n",
      "\n",
      "\n",
      "Mandaluyong\n",
      "             water_level       1hr       3hr       6hr      12hr      24hr\n",
      "water_level     1.000000  0.157614  0.254295  0.339648  0.422869  0.477808\n",
      "1hr             0.157614  1.000000  0.633127  0.459201  0.339962  0.255727\n",
      "3hr             0.254295  0.633127  1.000000  0.761250  0.558314  0.419104\n",
      "6hr             0.339648  0.459201  0.761250  1.000000  0.760116  0.569686\n",
      "12hr            0.422869  0.339962  0.558314  0.760116  1.000000  0.771164\n",
      "24hr            0.477808  0.255727  0.419104  0.569686  0.771164  1.000000\n",
      "\n",
      "\n",
      "Marikina (Youth Camp)\n",
      "             water_level       1hr       3hr       6hr      12hr      24hr\n",
      "water_level     1.000000  0.066370  0.116782  0.148691  0.160159  0.153605\n",
      "1hr             0.066370  1.000000  0.650661  0.472058  0.333867  0.254052\n",
      "3hr             0.116782  0.650661  1.000000  0.770440  0.547788  0.411236\n",
      "6hr             0.148691  0.472058  0.770440  1.000000  0.752792  0.557126\n",
      "12hr            0.160159  0.333867  0.547788  0.752792  1.000000  0.757417\n",
      "24hr            0.153605  0.254052  0.411236  0.557126  0.757417  1.000000\n",
      "\n",
      "\n",
      "Mt. Aries\n",
      "             water_level       1hr       3hr       6hr      12hr      24hr\n",
      "water_level     1.000000  0.163020  0.260306  0.350092  0.440552  0.497780\n",
      "1hr             0.163020  1.000000  0.682601  0.507391  0.374849  0.281821\n",
      "3hr             0.260306  0.682601  1.000000  0.790181  0.586519  0.437190\n",
      "6hr             0.350092  0.507391  0.790181  1.000000  0.783068  0.581393\n",
      "12hr            0.440552  0.374849  0.586519  0.783068  1.000000  0.777956\n",
      "24hr            0.497780  0.281821  0.437190  0.581393  0.777956  1.000000\n",
      "\n",
      "\n",
      "Mt. Campana\n",
      "             water_level       1hr       3hr       6hr      12hr      24hr\n",
      "water_level     1.000000  0.152864  0.236231  0.329322  0.447519  0.543788\n",
      "1hr             0.152864  1.000000  0.709778  0.544952  0.414113  0.320908\n",
      "3hr             0.236231  0.709778  1.000000  0.811190  0.621568  0.476830\n",
      "6hr             0.329322  0.544952  0.811190  1.000000  0.809963  0.621302\n",
      "12hr            0.447519  0.414113  0.621568  0.809963  1.000000  0.805765\n",
      "24hr            0.543788  0.320908  0.476830  0.621302  0.805765  1.000000\n",
      "\n",
      "\n",
      "Mt. Oro\n",
      "             water_level       1hr       3hr       6hr      12hr      24hr\n",
      "water_level     1.000000  0.139873  0.237889  0.333242  0.421745  0.483010\n",
      "1hr             0.139873  1.000000  0.684692  0.511520  0.373498  0.277216\n",
      "3hr             0.237889  0.684692  1.000000  0.798883  0.582861  0.427285\n",
      "6hr             0.333242  0.511520  0.798883  1.000000  0.781123  0.567084\n",
      "12hr            0.421745  0.373498  0.582861  0.781123  1.000000  0.766312\n",
      "24hr            0.483010  0.277216  0.427285  0.567084  0.766312  1.000000\n",
      "\n",
      "\n",
      "Nangka\n",
      "             water_level       1hr       3hr       6hr      12hr      24hr\n",
      "water_level     1.000000  0.178032  0.273482  0.353685  0.435934  0.490814\n",
      "1hr             0.178032  1.000000  0.677730  0.487969  0.359609  0.281705\n",
      "3hr             0.273482  0.677730  1.000000  0.774935  0.567329  0.436085\n",
      "6hr             0.353685  0.487969  0.774935  1.000000  0.767345  0.584584\n",
      "12hr            0.435934  0.359609  0.567329  0.767345  1.000000  0.776835\n",
      "24hr            0.490814  0.281705  0.436085  0.584584  0.776835  1.000000\n",
      "\n",
      "\n",
      "Napindan\n",
      "             water_level       1hr       3hr       6hr      12hr      24hr\n",
      "water_level     1.000000  0.173154  0.273064  0.359449  0.438133  0.490643\n",
      "1hr             0.173154  1.000000  0.662015  0.496526  0.376341  0.279757\n",
      "3hr             0.273064  0.662015  1.000000  0.785143  0.592743  0.440176\n",
      "6hr             0.359449  0.496526  0.785143  1.000000  0.787639  0.593508\n",
      "12hr            0.438133  0.376341  0.592743  0.787639  1.000000  0.791929\n",
      "24hr            0.490643  0.279757  0.440176  0.593508  0.791929  1.000000\n",
      "\n",
      "\n",
      "Pacweld\n",
      "             water_level       1hr       3hr       6hr      12hr      24hr\n",
      "water_level     1.000000  0.115647  0.187773  0.254186  0.309656  0.336450\n",
      "1hr             0.115647  1.000000  0.673533  0.476694  0.352909  0.267833\n",
      "3hr             0.187773  0.673533  1.000000  0.768210  0.563564  0.420819\n",
      "6hr             0.254186  0.476694  0.768210  1.000000  0.762932  0.567028\n",
      "12hr            0.309656  0.352909  0.563564  0.762932  1.000000  0.766993\n",
      "24hr            0.336450  0.267833  0.420819  0.567028  0.766993  1.000000\n",
      "\n",
      "\n",
      "Pasig City Hall\n",
      "             water_level       1hr       3hr       6hr      12hr      24hr\n",
      "water_level     1.000000  0.064961  0.118009  0.159876  0.183136  0.199173\n",
      "1hr             0.064961  1.000000  0.651962  0.456712  0.319536  0.240985\n",
      "3hr             0.118009  0.651962  1.000000  0.752369  0.530202  0.390648\n",
      "6hr             0.159876  0.456712  0.752369  1.000000  0.739453  0.539808\n",
      "12hr            0.183136  0.319536  0.530202  0.739453  1.000000  0.740579\n",
      "24hr            0.199173  0.240985  0.390648  0.539808  0.740579  1.000000\n",
      "\n",
      "\n",
      "Pintong Bukawe\n",
      "             water_level       1hr       3hr       6hr      12hr      24hr\n",
      "water_level     1.000000  0.122397  0.201507  0.282831  0.373030  0.413981\n",
      "1hr             0.122397  1.000000  0.661405  0.504515  0.377603  0.276194\n",
      "3hr             0.201507  0.661405  1.000000  0.796312  0.603227  0.441780\n",
      "6hr             0.282831  0.504515  0.796312  1.000000  0.795292  0.591605\n",
      "12hr            0.373030  0.377603  0.603227  0.795292  1.000000  0.787345\n",
      "24hr            0.413981  0.276194  0.441780  0.591605  0.787345  1.000000\n",
      "\n",
      "\n",
      "Port Area Synop\n",
      "             water_level       1hr       3hr       6hr      12hr      24hr\n",
      "water_level     1.000000  0.177432  0.271030  0.351732  0.430746  0.484356\n",
      "1hr             0.177432  1.000000  0.664605  0.499244  0.373798  0.277504\n",
      "3hr             0.271030  0.664605  1.000000  0.783941  0.590972  0.435055\n",
      "6hr             0.351732  0.499244  0.783941  1.000000  0.788548  0.582662\n",
      "12hr            0.430746  0.373798  0.590972  0.788548  1.000000  0.778749\n",
      "24hr            0.484356  0.277504  0.435055  0.582662  0.778749  1.000000\n",
      "\n",
      "\n",
      "San Mateo-2\n",
      "             water_level       1hr       3hr       6hr      12hr      24hr\n",
      "water_level     1.000000  0.183249  0.293663  0.392480  0.494835  0.561508\n",
      "1hr             0.183249  1.000000  0.670335  0.489411  0.360580  0.262581\n",
      "3hr             0.293663  0.670335  1.000000  0.776941  0.575040  0.416419\n",
      "6hr             0.392480  0.489411  0.776941  1.000000  0.775678  0.563725\n",
      "12hr            0.494835  0.360580  0.575040  0.775678  1.000000  0.765766\n",
      "24hr            0.561508  0.262581  0.416419  0.563725  0.765766  1.000000\n",
      "\n",
      "\n",
      "San Pedro 9 Chapel\n",
      "             water_level       1hr       3hr       6hr      12hr      24hr\n",
      "water_level     1.000000  0.146539  0.236439  0.320506  0.397623  0.435886\n",
      "1hr             0.146539  1.000000  0.668793  0.481699  0.348688  0.253475\n",
      "3hr             0.236439  0.668793  1.000000  0.769784  0.558037  0.400161\n",
      "6hr             0.320506  0.481699  0.769784  1.000000  0.761660  0.543130\n",
      "12hr            0.397623  0.348688  0.558037  0.761660  1.000000  0.751082\n",
      "24hr            0.435886  0.253475  0.400161  0.543130  0.751082  1.000000\n",
      "\n",
      "\n",
      "Science Garden\n",
      "             water_level       1hr       3hr       6hr      12hr      24hr\n",
      "water_level     1.000000  0.150378  0.245681  0.325618  0.400884  0.449825\n",
      "1hr             0.150378  1.000000  0.637914  0.466808  0.350890  0.257522\n",
      "3hr             0.245681  0.637914  1.000000  0.764306  0.568006  0.420782\n",
      "6hr             0.325618  0.466808  0.764306  1.000000  0.767211  0.570372\n",
      "12hr            0.400884  0.350890  0.568006  0.767211  1.000000  0.772418\n",
      "24hr            0.449825  0.257522  0.420782  0.570372  0.772418  1.000000\n",
      "\n",
      "\n"
     ]
    },
    {
     "name": "stdout",
     "output_type": "stream",
     "text": [
      "Sitio Wawa\n",
      "             water_level       1hr       3hr       6hr      12hr      24hr\n",
      "water_level     1.000000  0.179482  0.286037  0.398228  0.517181  0.587372\n",
      "1hr             0.179482  1.000000  0.711460  0.535107  0.391127  0.297218\n",
      "3hr             0.286037  0.711460  1.000000  0.810809  0.598664  0.446560\n",
      "6hr             0.398228  0.535107  0.810809  1.000000  0.793658  0.586454\n",
      "12hr            0.517181  0.391127  0.598664  0.793658  1.000000  0.777973\n",
      "24hr            0.587372  0.297218  0.446560  0.586454  0.777973  1.000000\n",
      "\n",
      "\n",
      "Taytay\n",
      "             water_level       1hr       3hr       6hr      12hr      24hr\n",
      "water_level     1.000000  0.175277  0.277800  0.377030  0.472990  0.529944\n",
      "1hr             0.175277  1.000000  0.669355  0.492410  0.367369  0.274081\n",
      "3hr             0.277800  0.669355  1.000000  0.781377  0.580015  0.429016\n",
      "6hr             0.377030  0.492410  0.781377  1.000000  0.777758  0.579696\n",
      "12hr            0.472990  0.367369  0.580015  0.777758  1.000000  0.780554\n",
      "24hr            0.529944  0.274081  0.429016  0.579696  0.780554  1.000000\n",
      "\n",
      "\n",
      "Valenzuela NHS\n",
      "             water_level       1hr       3hr       6hr      12hr      24hr\n",
      "water_level     1.000000  0.159952  0.248426  0.330502  0.408160  0.447579\n",
      "1hr             0.159952  1.000000  0.674530  0.481203  0.364947  0.273323\n",
      "3hr             0.248426  0.674530  1.000000  0.770200  0.571700  0.426352\n",
      "6hr             0.330502  0.481203  0.770200  1.000000  0.766646  0.571636\n",
      "12hr            0.408160  0.364947  0.571700  0.766646  1.000000  0.772062\n",
      "24hr            0.447579  0.273323  0.426352  0.571636  0.772062  1.000000\n",
      "\n",
      "\n"
     ]
    }
   ],
   "source": [
    "stations = df['station'].unique()\n",
    "\n",
    "for station in stations:\n",
    "    df_subset = df[df['station'] == station]\n",
    "    print(f'{station}\\n{df_subset.corr()}\\n\\n')\n",
    "    \n",
    "# Sitio Wawa has highest correlation between water level and 24hr rain"
   ]
  },
  {
   "cell_type": "code",
   "execution_count": 15,
   "id": "1c2320b2",
   "metadata": {
    "scrolled": false
   },
   "outputs": [
    {
     "name": "stdout",
     "output_type": "stream",
     "text": [
      "\n",
      "Sitio Wawa\n"
     ]
    },
    {
     "data": {
